5	1	1.03416	1.03416	1.03416	-83.33	156.67	36.67	1
5	2	1.03416	1.03416	1.03416	-83.33	156.67	36.67	1
5	3	1.03416	1.03416	1.03416	-83.33	156.67	36.67	1
5	4	0.02064	1.97617	1.99897	91.15	122.8	69.24	1
5	5	0.4261	2.30082	2.4719	74.3	113.54	69.64	1
5	6	0.60664	2.41826	2.68654	68.4	108.93	68.27	1
5	7	0.0231	1.98243	2.00407	94.83	122.75	69.36	1
5	8	0.3271	2.23161	2.3633	76.67	115.68	69.9	1
5	9	0.02458	1.98642	2.00643	98.78	122.75	69.45	1
5	10	0.75005	0.97597	0.96592	-82.49	164.08	29.52	1
5	11	0.78028	0.97898	0.97481	-82.99	163.19	30.26	1
5	12	0.68579	0.96677	0.95118	-81.93	165.9	27.8	1
10	1	1.03295	1.03295	1.03295	-84.85	155.15	35.15	1
10	2	1.03295	1.03295	1.03295	-84.85	155.15	35.15	1
10	3	1.03295	1.03295	1.03295	-84.85	155.15	35.15	1
10	4	0.02041	1.97101	1.9967	91.87	121.22	67.62	1
10	5	0.42467	2.26505	2.46886	68.52	111.17	67.02	1
10	6	0.60357	2.3979	2.67964	65.69	107.06	66.27	1
10	7	0.02314	1.97665	2.00278	91.55	121.12	67.69	1
10	8	0.32666	2.2199	2.36125	74.08	113.9	68.05	1
10	9	0.0246	1.98093	2.00491	96.62	121.13	67.8	1
10	10	0.74993	0.9771	0.96279	-83.66	162.59	28.07	1
10	11	0.77989	0.97972	0.97197	-84.23	161.7	28.8	1
10	12	0.68536	0.96407	0.95179	-83.75	164.33	26.25	1
15	1	1.03121	1.03121	1.03121	-86.49	153.51	33.51	1
15	2	1.03121	1.03121	1.03121	-86.49	153.51	33.51	1
15	3	1.03121	1.03121	1.03121	-86.49	153.51	33.51	1
15	4	0.02016	1.96468	1.99295	93.63	119.52	65.87	1
15	5	0.42302	2.23829	2.46248	64.35	109.01	64.66	1
15	6	0.59919	2.36534	2.66855	61.88	104.87	63.85	1
15	7	0.02321	1.96944	2.00032	87.93	119.36	65.89	1
15	8	0.32636	2.2012	2.35828	70.3	111.85	65.88	1
15	9	0.02461	1.97385	2.00234	93.62	119.38	66	1
15	10	0.74964	0.9779	0.95906	-84.93	160.98	26.51	1
15	11	0.77927	0.98015	0.96852	-85.56	160.09	27.23	1
15	12	0.68472	0.96072	0.95213	-85.72	162.63	24.58	1
20	1	1.02928	1.02928	1.02928	-87.95	152.05	32.05	1
20	2	1.02928	1.02928	1.02928	-87.95	152.05	32.05	1
20	3	1.02928	1.02928	1.02928	-87.95	152.05	32.05	1
20	4	0.01996	1.95816	1.98857	95.35	118.03	64.33	1
20	5	0.4214	2.21378	2.45485	60.73	107.12	62.6	1
20	6	0.59503	2.33529	2.65657	58.53	102.95	61.73	1
20	7	0.0233	1.96215	1.99716	84.68	117.8	64.29	1
20	8	0.32612	2.18288	2.35416	66.85	110.02	63.93	1
20	9	0.02464	1.96668	1.99908	90.94	117.83	64.41	1
20	10	0.74922	0.97823	0.95543	-86.06	159.54	25.12	1
20	11	0.77853	0.98016	0.96512	-86.74	158.65	25.83	1
20	12	0.68398	0.95738	0.95208	-87.48	161.12	23.1	1
5	1	1.03416	0.63753	0.67004	-83.33	135.52	60.03	2
5	2	1.03416	0.68396	0.7028	-83.33	139.15	55.59	2
5	3	1.03416	0.69446	0.70139	-83.33	139.12	54.74	2
5	4	1.03416	0.51414	0.52516	-83.33	102.43	91.03	2
5	5	1.03416	0.71698	0.70647	-83.33	139.68	52.87	2
5	6	1.03416	0.75444	0.7377	-83.33	142.13	49.87	2
5	7	1.03416	0.51577	0.52552	-83.33	103.44	90.03	2
5	8	1.03416	0.67236	0.66882	-83.33	136.1	57	2
5	9	1.03416	0.51764	0.52503	-83.33	104.05	89.4	2
5	10	1.03416	0.68399	0.70282	-83.33	139.15	55.58	2
5	11	1.03416	0.69448	0.70141	-83.33	139.13	54.73	2
5	12	1.03416	0.63755	0.67006	-83.33	135.52	60.03	2
10	1	1.03295	0.64159	0.66484	-84.85	133.7	58.18	2
10	2	1.03295	0.67907	0.70713	-84.85	138.03	54.35	2
10	3	1.03295	0.68994	0.70494	-84.85	137.94	53.48	2
10	4	1.03295	0.5136	0.52451	-84.85	100.93	89.5	2
10	5	1.03295	0.71192	0.71191	-84.85	138.64	51.66	2
10	6	1.03295	0.75091	0.74086	-84.85	140.93	48.57	2
10	7	1.03295	0.51359	0.5265	-84.85	101.95	88.52	2
10	8	1.03295	0.66837	0.67235	-84.85	134.9	55.69	2
10	9	1.03295	0.51554	0.52594	-84.85	102.56	87.89	2
10	10	1.03295	0.67909	0.70715	-84.85	138.03	54.35	2
10	11	1.03295	0.68996	0.70496	-84.85	137.94	53.48	2
10	12	1.03295	0.64162	0.66486	-84.85	133.7	58.18	2
15	1	1.03121	0.64588	0.65896	-86.49	131.74	56.17	2
15	2	1.03121	0.67367	0.71155	-86.49	136.82	53.01	2
15	3	1.03121	0.6848	0.70859	-86.49	136.67	52.13	2
15	4	1.03121	0.51283	0.52357	-86.49	99.31	87.83	2
15	5	1.03121	0.70735	0.71618	-86.49	137.43	50.27	2
15	6	1.03121	0.74661	0.74476	-86.49	139.69	47.18	2
15	7	1.03121	0.51103	0.52734	-86.49	100.35	86.88	2
15	8	1.03121	0.66349	0.67656	-86.49	133.66	54.28	2
15	9	1.03121	0.51302	0.52673	-86.49	100.95	86.26	2
15	10	1.03121	0.6737	0.71157	-86.49	136.83	53	2
15	11	1.03121	0.68483	0.70861	-86.49	136.67	52.13	2
15	12	1.03121	0.64591	0.65898	-86.49	131.75	56.16	2
20	1	1.02928	0.64953	0.65356	-87.95	130.01	54.36	2
20	2	1.02928	0.66875	0.71526	-87.95	135.76	51.8	2
20	3	1.02928	0.68008	0.71159	-87.95	135.54	50.91	2
20	4	1.02928	0.51197	0.52254	-87.95	97.87	86.34	2
20	5	1.02928	0.70325	0.71973	-87.95	136.36	49.01	2
20	6	1.02928	0.74271	0.74802	-87.95	138.6	45.93	2
20	7	1.02928	0.50856	0.52789	-87.95	98.92	85.43	2
20	8	1.02928	0.659	0.68018	-87.95	132.58	53.02	2
20	9	1.02928	0.51059	0.52724	-87.95	99.53	84.81	2
20	10	1.02928	0.66878	0.71528	-87.95	135.76	51.79	2
20	11	1.02928	0.6801	0.71161	-87.95	135.55	50.91	2
20	12	1.02928	0.64955	0.65358	-87.95	130.01	54.36	2
5	1	0.46235	0.46235	0.46235	-80.39	159.61	39.61	3
5	2	0.53353	0.53353	0.53353	-81.76	158.24	38.24	3
5	3	0.54128	0.54128	0.54128	-82.76	157.24	37.24	3
5	4	0.05993	0.05993	0.05993	-77.2	162.8	42.8	3
5	5	0.56475	0.56475	0.56475	-84.18	155.82	35.82	3
5	6	0.62109	0.62109	0.62109	-84.61	155.39	35.39	3
5	7	0.07044	0.07044	0.07044	-78.72	161.28	41.28	3
5	8	0.49305	0.49305	0.49305	-83.64	156.36	36.36	3
5	9	0.07686	0.07686	0.07686	-80.12	159.88	39.88	3
5	10	0.53357	0.53357	0.53357	-81.76	158.24	38.24	3
5	11	0.54132	0.54132	0.54132	-82.76	157.24	37.24	3
5	12	0.46239	0.46239	0.46239	-80.39	159.61	39.61	3
10	1	0.462	0.462	0.462	-82.74	157.26	37.26	3
10	2	0.53396	0.53396	0.53396	-82.52	157.48	37.48	3
10	3	0.54127	0.54127	0.54127	-83.61	156.39	36.39	3
10	4	0.06002	0.06002	0.06002	-78.79	161.21	41.21	3
10	5	0.56578	0.56578	0.56578	-84.85	155.15	35.15	3
10	6	0.62143	0.62143	0.62143	-85.62	154.38	34.38	3
10	7	0.07064	0.07064	0.07064	-78.75	161.25	41.25	3
10	8	0.49348	0.49348	0.49348	-84.5	155.5	35.5	3
10	9	0.077	0.077	0.077	-80.34	159.66	39.66	3
10	10	0.534	0.534	0.534	-82.52	157.48	37.48	3
10	11	0.54131	0.54131	0.54131	-83.61	156.39	36.39	3
10	12	0.46204	0.46204	0.46204	-82.74	157.26	37.26	3
15	1	0.46166	0.46166	0.46166	-85.31	154.69	34.69	3
15	2	0.53444	0.53444	0.53444	-83.34	156.66	36.66	3
15	3	0.5412	0.5412	0.5412	-84.53	155.47	35.47	3
15	4	0.06015	0.06015	0.06015	-80.55	159.45	39.45	3
15	5	0.5666	0.5666	0.5666	-85.78	154.22	34.22	3
15	6	0.62204	0.62204	0.62204	-86.63	153.37	33.37	3
15	7	0.0709	0.0709	0.0709	-78.81	161.19	41.19	3
15	8	0.49413	0.49413	0.49413	-85.35	154.65	34.65	3
15	9	0.07718	0.07718	0.07718	-80.56	159.44	39.44	3
15	10	0.53448	0.53448	0.53448	-83.34	156.66	36.66	3
15	11	0.54124	0.54124	0.54124	-84.53	155.47	35.47	3
15	12	0.4617	0.4617	0.4617	-85.31	154.69	34.69	3
20	1	0.46139	0.46139	0.46139	-87.59	152.41	32.41	3
20	2	0.53486	0.53486	0.53486	-84.08	155.92	35.92	3
20	3	0.54109	0.54109	0.54109	-85.35	154.65	34.65	3
20	4	0.0603	0.0603	0.0603	-82.11	157.89	37.89	3
20	5	0.56737	0.56737	0.56737	-86.62	153.38	33.38	3
20	6	0.6226	0.6226	0.6226	-87.54	152.46	32.46	3
20	7	0.07115	0.07115	0.07115	-78.87	161.13	41.13	3
20	8	0.49478	0.49478	0.49478	-86.11	153.89	33.89	3
20	9	0.07735	0.07735	0.07735	-80.75	159.25	39.25	3
20	10	0.5349	0.5349	0.5349	-84.08	155.92	35.92	3
20	11	0.54113	0.54113	0.54113	-85.35	154.65	34.65	3
20	12	0.46143	0.46143	0.46143	-87.59	152.41	32.41	3
5	1	1.03416	0.63753	0.67004	-83.33	135.52	60.03	4
5	2	1.03416	0.68396	0.7028	-83.33	139.15	55.59	4
5	3	1.03416	0.69446	0.70139	-83.33	139.12	54.74	4
5	4	1.60362	0.05379	0.05078	-83.53	-160.42	5.62	4
5	5	1.70017	0.53715	0.46049	-85.03	-163.69	-6.43	4
5	6	1.73632	0.61365	0.49415	-85.88	-162.25	-10.04	4
5	7	1.60489	0.06213	0.06066	-83.5	-162.27	4.69	4
5	8	1.68288	0.46438	0.4045	-84.7	-163.73	-5.03	4
5	9	1.60555	0.0667	0.06723	-83.47	-163.84	3.64	4
5	10	0.9105	0.64176	0.6555	-82.98	143.07	52.21	4
5	11	0.93073	0.65808	0.66302	-83.19	142.24	51.82	4
5	12	0.87381	0.58026	0.60479	-82.77	140.82	55.82	4
10	1	1.03295	0.64159	0.66484	-84.85	133.7	58.18	4
10	2	1.03295	0.67907	0.70713	-84.85	138.03	54.35	4
10	3	1.03295	0.68994	0.70494	-84.85	137.94	53.48	4
10	4	1.6014	0.05341	0.05131	-85.06	-161.98	4.12	4
10	5	1.69439	0.54801	0.44998	-86.95	-164.97	-6.91	4
10	6	1.7324	0.6174	0.49006	-87.54	-163.52	-10.94	4
10	7	1.60275	0.06281	0.06033	-85.07	-162.42	4.66	4
10	8	1.68008	0.46733	0.40197	-86.33	-164.77	-5.84	4
10	9	1.60343	0.06712	0.06706	-85.03	-164.07	3.39	4
10	10	0.90982	0.63818	0.65905	-84.36	142.05	51.11	4
10	11	0.92991	0.65455	0.66592	-84.6	141.13	50.66	4
10	12	0.87304	0.58368	0.60053	-84.38	138.88	53.86	4
15	1	1.03121	0.64588	0.65896	-86.49	131.74	56.17	4
15	2	1.03121	0.67367	0.71155	-86.49	136.82	53.01	4
15	3	1.03121	0.6848	0.70859	-86.49	136.67	52.13	4
15	4	1.59829	0.05289	0.05206	-86.71	-163.69	2.49	4
15	5	1.68879	0.55456	0.44381	-88.84	-166.33	-7.62	4
15	6	1.72616	0.62398	0.48296	-89.44	-164.99	-11.75	4
15	7	1.59975	0.06358	0.05998	-86.76	-162.61	4.63	4
15	8	1.67574	0.47254	0.39732	-88.16	-165.92	-6.59	4
15	9	1.60044	0.06771	0.06677	-86.71	-164.35	3.15	4
15	10	0.90878	0.63425	0.6627	-85.85	140.96	49.9	4
15	11	0.9287	0.65054	0.66892	-86.12	139.95	49.41	4
15	12	0.8719	0.58731	0.59575	-86.13	136.77	51.72	4
20	1	1.02928	0.64953	0.65356	-87.95	130.01	54.36	4
20	2	1.02928	0.66875	0.71526	-87.95	135.76	51.8	4
20	3	1.02928	0.68008	0.71159	-87.95	135.54	50.91	4
20	4	1.59486	0.05242	0.05276	-88.18	-165.24	1.06	4
20	5	1.68306	0.56005	0.43866	-90.51	-167.55	-8.24	4
20	6	1.7198	0.6296	0.47684	-91.12	-166.32	-12.44	4
20	7	1.59645	0.0643	0.05969	-88.26	-162.81	4.6	4
20	8	1.67109	0.47735	0.39305	-89.8	-166.98	-7.22	4
20	9	1.59714	0.06826	0.06652	-88.21	-164.61	2.94	4
20	10	0.90758	0.63067	0.66579	-87.19	139.99	48.81	4
20	11	0.92732	0.64685	0.6714	-87.48	138.9	48.29	4
20	12	0.8706	0.59042	0.5914	-87.68	134.91	49.81	4
